platformHist: 1901386

profile page and json: 5901861_329

selection coordinates: 
Pacman shape:
http://www.argovis.com/selection/profiles/page?startDate=2010-11-29&endDate=2018-01-28&shape=[[[-132.601318,46.286224],[-130.557861,45.767523],[-132.403564,45.135555],[-132.161865,44.653024],[-131.480712,44.260937],[-130.711669,44.103365],[-129.810791,44.150681],[-129.129638,44.559163],[-128.73413,45.182037],[-128.624267,45.813486],[-128.822021,46.452997],[-129.525146,47.040182],[-130.206298,47.26432],[-131.12915,47.219568],[-131.986084,47.010226],[-132.403564,46.679594],[-132.601318,46.286224]]]
platform: 

ship shape

http://www.argovis.com/selection/profiles/page?presRange=[0,2000]&startDate=2005-12-09&endDate=2018-02-07&shape=[[[-135.331306,46.890232],[-134.474373,46.702202],[-132.914314,46.619261],[-132.112312,46.626806],[-132.09034,46.905246],[-132.354012,47.002734],[-132.694588,47.286682],[-132.793465,47.731934],[-132.41993,48.239309],[-131.914558,48.748945],[-131.617928,49.001844],[-131.266365,48.494768],[-130.792236,48.129434],[-129.891357,47.798397],[-129.188232,47.569114],[-128.408203,47.286682],[-127.496338,47.107523],[-126.520271,46.905246],[-131.771736,46.890232],[-131.749763,46.649436],[-130.519295,46.641894],[-128.047371,46.664517],[-126.091805,46.702202],[-125.784187,46.912751],[-125.707283,47.249407],[-126.0149,47.294134],[-126.179695,47.152369],[-126.509285,47.256864],[-126.355476,47.420654],[-125.905037,47.539455],[-125.344734,47.502359],[-125.092049,47.286682],[-125.103035,46.912751],[-125.344734,46.369674],[-126.13575,45.912944],[-128.475838,45.644768],[-131.936531,45.614037],[-134.320564,45.897655],[-135.188484,46.202646],[-136.451912,46.769968],[-136.572762,47.085085],[-136.605721,47.420654],[-136.40625,47.657988],[-136.043701,47.835283],[-135.703125,47.842658],[-135.571289,47.702368],[-135.637207,47.546872],[-135.977783,47.346267],[-135.803719,47.077604],[-135.331306,46.890232]]]
